00001111000111110001111100011111000111110111111111111111011111110001111100011111000111110001111100001111
00000100000000010001001100000011000001111011001100001111001011110000001100101111010010010000010000000011
100001111110000
000011111100001
001110010111100101111010011011101110110011111010111110101110110001101110011110100111100100111001
001110000111101001111111011011011110110011111010111110101110110001101101011111110111101000111000
000000000000111000011000101111100110110100111101001111000011110101101101101111100001100000001110
000000000111100000011101101111100110110000111100001111000011110001101100101111100001110101111000
000000000000000000011010001111010110100011111100111111000110100000111101000110100000000000000000
000000000000000000011001001110100110110111111010111110100110110100111010000110010000000000000000
0000100000110000111100110111011111011111001110100111111011111101110100111110001111100110111001111000011000000100
0001000100100101000100010100100000101000100000000010001010000010010100010001010010010001000
00001100000111100000101100011100001111100111111001111111011111100011111000011100000010110001111000001100
00001111111111111111111111111111001111110001111100011111000111110011111111111111111111111111111100001111
0000000000000010000001100000111101011110101111110101111000001111000001100000001000000000
<<<<<<< HEAD
00000011000001110000111100011110001111000111100001111110011110000011110000011110000011110000011100000011
00000000000001110000001101100011001100110011111100111111001111110011001101100011000000110000011100000000
=======
0000000100000000000000000000011000000000000000000001110000000000000000000111100000000000000001111111100000000000000110011111110000000000000111111110000000000100000001111000000000011000000001110000000001110000000001100000000111100000000001000001111111100000000000001110011111110000000100000111111110000000011000000001111000000001110000000001110000000111100000000001100001111111100000000001000110011111110000000000000111111110000000000000000001111000000000000000000001110000000000000000000001100000000000000000000001000000000000000
0000000000000111000000011111000000111111000000111011000000100111000011101100001111110000011111000000011100000000000000000
0000010000000001010000000100010000001000100000001010000000001000000000101000000010001000000100010000000101000000000100000
0011100000001111110000111000110001111001111111111011100111111101111111101110011110011111111000110000111111000000111000000

>>>>>>> upstream/main
